#T	R	G	B
-1	1.526789307500355	0.9416360178268822	0.0269600176681215
-0.99	1.5752155889924984	0.919709308999249	0.10156603855861708
-0.98	1.5995627372245438	0.9064034472261334	0.16167890041456517
-0.97	1.6063687216892018	0.8996010239402782	0.20902157128516458
-0.96	1.6013916285129348	0.8973335378086948	0.24613841464503364
-0.95	1.5890441790356276	0.8980346544870236	0.27555156022031213
-0.94	1.5724419729977606	0.9005623476159195	0.2993995225175982
-0.93	1.5536700168437165	0.9041281125667621	0.31935357771852696
-0.92	1.5340691104642963	0.9082077520325622	0.3366582113795313
-0.9	1.4953703890767551	0.9166843649458025	0.3666426242803891
-0.89	1.4770444530093934	0.92074441509882	0.3803870306305687
-0.88	1.45963187179823	0.9245731450245543	0.3937333896694587
-0.87	1.4431851948321421	0.9281361930473453	0.4068673450308217
-0.86	1.4277044990188958	0.9314222479434089	0.4199007171669915
-0.85	1.413158982792547	0.9344344200909103	0.4328933934804106
-0.84	1.3995006729691057	0.9371845526039547	0.44586932000581186
-0.83	1.3866730302977235	0.9396894846090094	0.45882817681912114
-0.82	1.3746162705806335	0.9419686092394628	0.47175389953592123
-0.81	1.3632705801586622	0.9440422910208418	0.48462088809089104
-0.8	1.3525779887577982	0.9459308546350328	0.49739850907363625
-0.79	1.3424833930108522	0.9476539541761042	0.51005432990503
-0.78	1.332935049295812	0.9492301959436202	0.5225564041666646
-0.77	1.3238847413551418	0.9506769299578227	0.5348748432418556
-0.76	1.3152877547439397	0.9520101532443801	0.5469828495991372
-0.75	1.3071027424777077	0.9532444864453885	0.5588573440927628
-0.74	1.2992915352771246	0.9543931976767114	0.5704792883891892
-0.73	1.2918189296997766	0.9554682558635852	0.5818337805012642
-0.72	1.2846524744331609	0.9564804014125511	0.5929099840062818
-0.71	1.2777622666423494	0.9574392259145489	0.6037009381960007
-0.7	1.271120764918599	0.9583532552099132	0.6142032860412177
-0.69	1.2647026220132178	0.9592300319702873	0.624416948682
-0.68	1.258484538473541	0.9600761952237963	0.634344768649116
-0.67	1.2524451370721639	0.9608975551407415	0.6439921388060904
-0.66	1.2465648572352175	0.961699162024372	0.6533666298055685
-0.65	1.240825868333585	0.9624853688936688	0.6624776254782264
-0.64	1.2352120005709777	0.963259887357035	0.6713359728650785
-0.63	1.2297086922002636	0.9640258366944413	0.6799536514454236
-0.62	1.2243029518660566	0.9647857862179463	0.6883434644072197
-0.61	1.218983334973901	0.9655417910843331	0.6965187534769196
-0.6	1.2137399330974556	0.966295421803622	0.7044931378051316
-0.59	1.2085643755442064	0.9670477877318875	0.7122802766406617
-0.58	1.203449842294325	0.967799554864858	0.7198936549706397
-0.57	1.1983910876048525	0.9685509582643769	0.7273463909214138
-0.56	1.1933844736248427	0.9693018094586222	0.7346510634702476
-0.55	1.1884280133995226	0.9700514991607677	0.7418195588847714
-0.54	1.1835214226480077	0.9707989956533036	0.7488629342630311
-0.53	1.1786661796813336	0.9715428391879631	0.7557912965722624
-0.52	1.173865592785703	0.9722811327555212	0.7626136956649707
-0.51	1.1691248743278655	0.9730115295876941	0.7693380298722585
-0.5	1.1644512207493554	0.9737312177646359	0.7759709629282472
-0.49	1.1598538975002557	0.9744369023182792	0.7825178511552957
-0.48	1.1553443278255244	0.9751247852431704	0.7889826800329387
-0.47	1.1509361841565453	0.9757905438536061	0.7953680094767234
-0.46	1.146645480681299	0.976429307957992	0.8016749273628788
-0.45	1.1424906654670457	0.9770356363593229	0.8079030110459614
-0.44	1.1393281626644272	0.9773744046495341	0.8138595347949598
-0.43	1.1336743244638439	0.9784005260657457	0.8203432462155879
-0.42	1.128402681675958	0.979325625494454	0.826702250998028
-0.41	1.1234844561242137	0.9801576587496366	0.8329424804744061
-0.4	1.1188920252234253	0.9809043236206383	0.8390690191692418
-0.39	1.114598859248342	0.9815730743039109	0.8450861465601843
-0.38	1.1105794697837146	0.9821711319602141	0.8509973842941434
-0.37	1.1068093688346212	0.9827054915848916	0.8568055485352511
-0.36	1.1032650380817977	0.9831829253730342	0.862512807160884
-0.35	1.0999239077638177	0.9836099827594653	0.8681207415490697
-0.34	1.0967643446576765	0.9839929873149694	0.8736304127162303
-0.33	1.0937656486124967	0.9843380306846625	0.879042431569427
-0.32	1.0909080570684972	0.9846509637615489	0.8843570330329346
-0.31	1.088172756965683	0.9849373852978652	0.8895741537958818
-0.3	1.0855419034170506	0.9852026281675426	0.8946935134087068
-0.29	1.0829986444885027	0.9854517435053695	0.8997146984308044
-0.28	1.0805271513966777	0.9856894829604551	0.9046372493040019
-0.27	1.0781126534061927	0.9859202793134352	0.9094607495966023
-0.26	1.0757414766837892	0.9861482257168499	0.9141849172345641
-0.25	1.0734010863476027	0.9863770538265285	0.9188096973097863
-0.24	1.0710801309400746	0.9866101110967999	0.92333535603475
-0.23	1.0687684885550321	0.9868503375129847	0.9277625754004643
-0.22	1.0664573138615048	0.9871002420315398	0.9320925480898444
-0.21	1.0641390852954047	0.9873618789888347	0.9363270722075112
-0.2	1.0618076517341422	0.9876368247242311	0.9404686454092976
-0.19	1.0594582780290218	0.9879261546416414	0.9445205580516369
-0.18	1.0570876888500154	0.9882304209043934	0.9484869850369049
-0.17	1.0546941103930216	0.9885496309225602	0.9523730761028918
-0.16	1.0522773096167686	0.9888832267475861	0.9561850443989133
-0.15	1.0498386308086016	0.989230065438514	0.9599302533028545
-0.14	1.0473810294314672	0.9895884004049033	0.9636173015690213
-0.13	1.0449091033716895	0.9899558636662391	0.9672561070510344
-0.12	1.0424291218930992	0.990329448894346	0.9708579894223106
-0.11	1.0399490528017417	0.9907054950262696	0.974435752514704
-0.1	1.03747858854236	0.991079670147977	0.9780037671199607
-0.09	1.0350291721746514	0.9914469552571991	0.981578055342387
-0.08	1.032614024423235	0.9918016274130302	0.9851763778645566
-0.07	1.0302481732535405	0.9921372416729906	0.9888183257863514
-0.06	1.0279484877037341	0.9924466111021217	0.9925254190297585
-0.05	1.0257337180019268	0.9927217840124635	0.9963212136714187
-0.04	1.0236245443227896	0.9929540174529049	1.000231420978636
-0.03	1.0216436368987798	0.9931337458145323	1.0042840413956502
-0.02	1.019815730605226	0.993250543242096	1.008509517265676
-0.01	1.0181677176009059	0.993293078341583	1.0129409087001007
0	1.0173091575544413	0.9933004659068599	1.0153958433149508
0.01	1.004077982727524	0.9948936250886391	1.0385747951348172
0.02	0.9922197894430038	0.9962796986758303	1.0597622198263672
0.03	0.9815353094291188	0.9974946740546241	1.0791883979432433
0.04	0.9718621327936878	0.9985668636103244	1.0970511040714406
0.05	0.9630664738303832	0.9995188187926084	1.1135208928419258
0.06	0.9550370794962132	1.0003687031445776	1.12874543504298
0.07	0.9476806483279197	1.0011312938719776	1.1428530857097758
0.08	0.9409183347146804	1.0018187235448477	1.1559558304762314
0.09	0.9346830464781682	1.0024410369002104	1.1681517275306226
0.1	0.9289173311987922	1.0030066140575427	1.1795269392407521
0.11	0.9235717055016516	1.0035224958651054	1.1901574289144796
0.12	0.9186033217670673	1.0039946366258665	1.2001103833448992
0.13	0.9139748947799252	1.0044281023040318	1.209445409999229
0.14	0.9096538306897426	1.0048272273578078	1.2182155483248809
0.15	0.9056115149155722	1.0051957398597333	1.226468127164378
0.16	0.9018227260091553	1.0055368620839105	1.2342454942941936
0.17	0.8982651501351155	1.0058533919500168	1.2415856393161033
0.18	0.8949189765216057	1.0061477694092882	1.2485227272850934
0.19	0.8917665585202831	1.0064221308965002	1.255087557360259
0.2	0.8887921281703443	1.006678354256899	1.2613079582610882
0.21	0.8859815546569718	1.0069180960202349	1.2672091302805517
0.22	0.883322138983276	1.0071428224875771	1.2728139419534679
0.23	0.8808024386769331	1.0073538357863376	1.2781431881287424
0.24	0.8784121175310861	1.007552295810319	1.2832158150879653
0.25	0.8761418163097041	1.0077392387767685	1.2880491174433788
0.26	0.8739830410872986	1.0079155929882893	1.2926589107980049
0.27	0.8719280664843406	1.0080821922743015	1.2970596835297616
0.28	0.869969851535366	1.0082397874974418	1.3012647305458562
0.29	0.8681019663112582	1.0083890564393068	1.3052862714242968
0.3	0.8663185277296722	1.0085306123233055	1.309135555000604
0.31	0.8646141432426835	1.0086650111868847	1.312822952157141
0.32	0.862983861300016	1.0087927582787013	1.3163580383197988
0.33	0.8614231276586181	1.0089143136265577	1.3197496669537914
0.34	0.8599277467519808	1.009030096897696	1.323006035170313
0.35	0.858493847451072	1.0091404916532272	1.326134742403241
0.36	0.8571178526475216	1.0092458490821987	1.3291428429854368
0.37	0.8557964521723616	1.0093464912873833	1.3320368933437596
0.38	0.8545265786330154	1.0094427141837639	1.3348229944375753
0.39	0.8533053858097155	1.0095347900614544	1.3375068299847968
0.4	0.852130229301952	1.0096229698571055	1.3400937009501814
0.41	0.8509986491574617	1.0097074851714045	1.3425885567110116
0.42	0.8499083542518966	1.0097885500648696	1.344996023263877
0.43	0.8488572082177129	1.009866362659591	1.3473204287918932
0.44	0.8478432167467959	1.0099411065707269	1.3495658268732313
0.45	0.8468645161136316	1.0100129521883032	1.3517360175784954
0.46	0.8459193627849845	1.0100820578271024	1.3538345666754676
0.47	0.8450061239985497	1.010148570760064	1.3558648231344945
0.48	0.8441232692073113	1.0102126281486177	1.3578299351057375
0.49	0.8432693622986797	1.010274357881628	1.3597328645202262
0.5	0.8424430545082009	1.0103338793331686	1.3615764004497795
0.51	0.8416430779569443	1.0103913040480574	1.3633631713460252
0.52	0.8408682397497959	1.0104467363629863	1.3650956562657304
0.53	0.8401174165789815	1.0105002739701394	1.3667761951781834
0.54	0.8393895497833386	1.0105520084293573	1.3684069984402454
0.55	0.838683640819305	1.0106020256341983	1.369990155515751
0.56	0.8379987471043647	1.010650406236622	1.371527643008034
0.57	0.837333978197899	1.0106972260344862	1.3730213320673414
0.58	0.8366884922880911	1.0107425563255619	1.3744729952286716
0.59	0.8360614929568093	1.0107864642313649	1.3758843127300586
0.6	0.8354522261972888	1.010829012993743	1.3772568783563899
0.61	0.8348599776619867	1.0108702622468266	1.3785922048494628
0.62	0.83428407012027	1.0109102682666795	1.3798917289210715
0.63	0.8337238611076123	1.010949084200737	1.3811568159024186
0.64	0.8331787407497706	1.010986760278896	1.3823887640600048
0.65	0.8326481297470247	1.0110233440079355	1.3835888086053594
0.66	0.832131477504984	1.011058880350766	1.384758125423443
0.67	0.8316282603997506	1.011093411891861	1.3858978345422994
0.68	0.8311379801663717	1.0111269789900896	1.387009003364506
0.69	0.8306601624005345	1.0111596199200414	1.3880926496791233
0.7	0.8301943551643868	1.0111913710028375	1.3891497444712175
0.71	0.8297401276881801	1.011222266727319	1.3901812145445187
0.72	0.8292970691601912	1.0112523398624227	1.3911879449714495
0.73	0.8288647875980323	1.0112816215614762	1.3921707813835276
0.74	0.8284429087950756	1.011310141459077	1.393130532114058
0.75	0.828031075336258	1.0113379277611596	1.3940679702040193
0.76	0.8276289456780226	1.0113650073287934	1.3949838352811534
0.77	0.8272361932876051	1.0113914057562186	1.3958788353214377
0.78	0.8268525058372703	1.0114171474435638	1.3967536483013765
0.79	0.8264775844494765	1.0114422556646714	1.3976089237488694
0.8	0.8261111429892685	1.0114667526303929	1.398445284199784
0.81	0.8257529074005145	1.011490659547716	1.3992633265668157
0.82	0.8254026150828628	1.0115139966750242	1.4000636234266786
0.83	0.8250600143065528	1.0115367833737872	1.4008467242312208
0.84	0.8247248636624428	1.011559038156944	1.401613156447622
0.85	0.8243969315448153	1.0115807787342157	1.4023634266324247
0.86	0.824075995664722	1.0116020220545812	1.403098021443818
0.87	0.8237618425917943	1.0116227843461083	1.40381740859623
0.88	0.8234542673226103	1.0116430811533383	1.4045220377610177
0.89	0.8231530728738459	1.011662927372389	1.4052123414167292
0.9	0.8228580698985793	1.0116823372839396	1.4058887356521932
0.91	0.8225690763242348	1.0117013245842446	1.4065516209254283
0.92	0.8222859170107609	1.0117199024143064	1.407201382781167
0.93	0.822008423427747	1.0117380833873393	1.4078383925295839
0.94	0.82173643334927	1.011755879614633	1.4084630078886344
0.95	0.8214697905653564	1.0117733027299285	1.4090755735922482
0.96	0.8212083446090125	1.0117903639123966	1.4096764219664524
0.97	0.820951950497867	1.011807073908321	1.4102658734753795
0.98	0.8207004684895196	1.0118234430515598	1.410844237238955
0.99	0.8204537638497614	1.0118394812828728	1.4114118115239596
1	0.8202117066328919	1.0118551981681803	1.411968884210037